100 200
591568 259025 129904 402124 703405 148648 902264 96695 685422 215496 404156 513935 579984 584451 543443 842888 478211 670963 713776 22286 531119 859005 41818 883454 373600 238480 608211 827448 662203 510481 113511 218448 577290 792034 743186 916822 795445 680495 737061 70570 214889 573164 610465 940445 986036 202382 463744 12244 27344 856998 249644 710972 133561 458902 494429 299924 805567 51872 273960 402808 126285 999039 201149 557257 702892 236311 359955 144095 826552 576257 203865 161443 234313 789395 45412 468354 549412 921507 469463 993463 819964 111406 273762 678794 521347 205510 884228 734723 606291 96228 627253 402256 575045 926522 461754 270045 432406 199416 649323 759800
80 81 144389
72 79 9280
74 86 238219
28 41 469218
39 72 349965
51 96 487674
16 73 636691
33 41 298050
72 75 245398
15 31 74062
11 65 329076
78 90 588732
14 59 539364
36 96 856795
23 50 541063
43 80 785133
68 99 215227
40 92 343790
22 63 282665
21 23 251228
97 99 370408
40 79 660740
43 83 478685
40 69 286569
43 91 842211
39 58 3567
62 96 848474
20 85 418713
14 62 837600
81 91 9578
41 75 397007
69 88 377059
45 70 638462
66 70 531551
85 89 469995
16 54 220384
14 48 201362
38 99 385017
16 50 610188
58 75 79400
66 97 974461
94 96 890313
98 99 967790
60 89 695970
64 69 847615
88 96 486413
81 84 719818
1 7 118227
61 74 159309
96 96 314062
7 72 463771
57 94 132978
64 79 851155
88 95 645419
2 33 599448
49 93 135953
92 95 88150
42 86 593059
59 64 18439
86 91 806619
70 77 200245
85 85 110908
97 97 323459
84 88 427729
19 39 344304
77 91 993257
23 64 357912
43 62 214840
68 86 736809
53 76 800879
92 92 697375
3 53 466118
3 91 371941
12 60 640289
81 92 445405
18 20 995617
62 84 155153
76 83 238629
52 77 605123
75 84 238672
95 98 966816
11 98 386445
22 27 254937
72 91 57330
77 83 311757
39 90 649275
34 73 700043
99 99 543011
48 59 488906
35 53 205733
31 44 702405
35 45 527708
38 50 976869
34 79 8035
42 81 40288
67 91 833689
9 15 485444
33 56 158378
8 48 583710
43 79 683529
31 47 928209
91 96 435185
89 93 138259
70 71 646889
81 92 578815
56 81 407039
66 97 250051
2 69 575030
98 99 580170
57 80 296653
46 55 688999
84 92 692533
71 93 11665
8 14 268815
11 29 296682
95 95 614261
82 93 409446
13 49 244798
17 68 540812
52 68 153753
48 66 551492
20 74 305156
32 78 373477
91 98 952366
29 81 555555
67 69 620357
66 68 248995
66 69 574522
79 86 559260
12 84 154245
87 90 248683
88 90 837225
48 93 565985
83 95 835715
99 99 884990
39 72 480690
16 66 959507
96 98 88560
52 86 812412
61 67 16429
71 80 26704
40 82 915325
88 88 42834
71 95 995511
16 79 995387
82 95 802095
54 64 409082
37 96 357005
2 27 221734
0 63 286826
36 70 18437
31 73 56883
29 47 189351
98 98 850935
48 85 715956
27 86 230796
75 76 196999
97 97 463111
4 71 61686
21 33 25088
81 85 507855
4 8 243277
98 98 727944
17 77 974610
95 97 630930
88 92 467639
31 47 346074
89 93 757078
39 54 452560
1 19 885258
22 74 621437
30 38 782705
33 67 494807
50 80 489914
88 94 690734
93 94 467000
46 89 190103
0 25 656516
1 49 59681
16 68 677072
56 82 297660
66 92 972543
33 44 132323
54 70 271485
90 91 268674
80 93 391762
79 82 740649
22 38 343118
43 92 935857
42 92 12912
68 80 751074
40 73 321333
82 96 303283
89 93 662587
10 89 837802
85 85 358579
42 78 952123
93 99 489950
32 57 462584
97 97 463622